[[ 6056   121    92   306]
 [   25  1091     0   101]
 [  157     7 11930     0]
 [  318    57     2   380]]
              precision    recall  f1-score   support

           1       0.92      0.92      0.92      6575
           2       0.86      0.90      0.88      1217
           3       0.99      0.99      0.99     12094
           4       0.48      0.50      0.49       757

    accuracy                           0.94     20643
   macro avg       0.81      0.83      0.82     20643
weighted avg       0.94      0.94      0.94     20643

1.7159907817840576
