[[2761   29  180    8]
 [ 133  719   35    7]
 [  48    3 6201    1]
 [  52   14   43  263]]
              precision    recall  f1-score   support

           1       0.92      0.93      0.92      2978
           2       0.94      0.80      0.87       894
           3       0.96      0.99      0.98      6253
           4       0.94      0.71      0.81       372

    accuracy                           0.95     10497
   macro avg       0.94      0.86      0.89     10497
weighted avg       0.95      0.95      0.95     10497

269.2268269062042
It took  269.2268269062042 seconds to run.
